20 200
zenithkeep 44 8 11
5 1 60
4 7 12
6 7 6
5 7 41
3 7 7
1 5 23
5 2 28
0 6 27
3 4 68
2 7 44
0 2 20
yewfort 28 3 2
1 2 80
0 1 19
mirestone 9 7 20
6 5 20
1 2 23
1 5 10
4 6 17
4 2 64
3 5 70
6 3 30
0 6 47
0 5 52
5 6 61
0 1 77
1 3 8
4 3 16
6 2 69
6 1 33
0 2 52
2 4 57
2 1 49
0 4 7
3 2 52
mosshaven 19 10 14
3 7 79
2 6 38
4 6 37
1 8 69
8 9 26
5 6 1
0 5 38
5 9 78
6 3 53
3 2 34
0 6 62
7 8 49
1 4 33
6 9 57
longmere 48 5 15
3 4 39
3 1 10
4 3 24
1 3 10
4 2 25
2 0 75
0 1 14
0 3 52
2 3 8
0 2 1
4 0 15
4 1 59
1 2 59
2 1 17
1 4 7
oakveil 32 3 2
0 1 35
1 2 47
pinewood 12 10 18
1 3 15
2 7 48
7 8 46
1 2 64
5 6 66
6 1 31
6 9 49
4 9 12
2 8 17
8 0 30
3 5 20
3 4 23
4 5 76
0 6 69
9 2 44
9 7 78
0 5 56
8 9 79
ironpeak 39 4 7
3 1 23
3 0 28
2 3 49
1 3 42
0 2 52
0 3 41
1 2 21
frostgate 9 5 4
0 2 39
2 3 75
1 2 33
3 4 20
quartzburg 5 9 19
2 4 33
6 7 74
4 2 67
6 0 41
1 3 44
5 7 25
0 8 38
5 8 21
3 2 18
4 5 48
3 7 79
3 0 38
7 3 23
1 0 5
3 8 30
0 3 76
1 6 79
7 8 27
2 6 17
wormwood 25 3 3
1 2 49
0 1 46
2 0 10
havenwall 14 4 4
0 1 44
1 3 10
3 0 48
2 3 56
icevein 42 10 16
3 5 9
4 7 57
1 4 51
2 5 68
5 8 42
1 7 15
7 8 3
8 9 28
6 1 3
4 5 29
7 9 40
6 9 14
9 4 10
3 9 69
0 5 42
6 5 66
palefort 43 8 20
0 5 52
6 2 38
4 2 36
4 7 33
3 5 66
3 6 28
0 6 76
2 4 23
2 6 50
5 1 30
7 4 20
4 5 14
1 0 78
7 3 65
5 6 56
2 3 16
6 1 40
1 6 3
6 7 24
1 4 61
fellwatch 12 6 15
4 1 67
1 4 45
4 5 52
1 2 79
4 0 57
5 4 30
1 0 42
2 3 42
0 5 25
1 5 67
2 1 45
3 4 28
4 3 61
5 2 62
4 2 3
vinekeep 22 10 18
8 4 19
0 2 71
2 4 4
9 1 78
1 6 5
3 5 18
1 4 13
4 6 6
3 7 26
5 7 12
0 5 50
7 9 70
2 8 44
6 4 14
5 9 31
6 2 18
8 9 48
6 8 51
ashenmoor 50 5 5
3 4 46
2 4 72
0 1 17
1 3 9
1 0 58
northwatch 47 5 18
4 3 60
2 4 24
0 1 78
0 2 30
3 1 65
2 3 18
3 4 71
1 0 21
1 4 51
2 1 5
0 3 53
4 1 39
0 4 23
4 2 43
1 2 20
3 2 52
1 3 34
2 0 5
xenolith 41 3 5
0 2 49
2 0 80
1 2 34
2 1 77
0 1 73
urnfield 12 9 15
2 7 39
3 0 25
2 1 71
0 6 56
1 5 77
7 8 45
6 8 25
4 0 45
5 7 5
3 2 29
0 8 67
5 0 26
0 1 17
4 8 13
3 8 58
