50 1000
oakveil 113 2 2
1 0 22
0 1 28
cragspire 165 14 34
9 2 83
13 6 2
2 1 60
0 3 45
1 6 86
5 11 76
5 1 37
0 8 50
5 12 35
1 3 84
10 7 88
2 13 64
8 11 87
3 10 55
9 11 26
9 10 79
6 7 96
4 7 85
9 7 73
13 4 63
5 8 82
6 2 72
10 11 48
12 13 20
7 13 71
6 12 82
11 13 75
12 1 44
9 6 70
7 2 18
13 1 78
4 11 57
12 6 6
10 12 8
wormwood 161 8 32
1 2 43
7 2 42
1 5 38
4 3 72
6 2 39
5 4 16
0 6 77
2 6 28
3 7 2
5 1 36
0 4 61
3 1 49
2 0 73
7 6 59
5 0 96
3 5 3
1 7 62
0 5 35
2 1 81
7 0 78
1 4 63
2 4 63
6 7 65
5 6 62
1 6 97
0 3 61
4 5 32
0 2 82
6 5 45
5 2 23
7 1 76
2 7 19
xenolith 5 6 14
2 1 82
1 3 41
0 1 21
4 5 92
3 4 32
1 4 32
0 2 91
3 5 93
2 5 72
2 3 87
5 4 82
3 2 36
0 4 67
5 0 25
kragmore 158 14 18
11 9 68
12 13 37
0 11 96
5 7 45
6 11 37
10 12 80
0 13 97
8 10 25
13 10 69
7 12 31
2 9 93
4 0 88
6 3 90
4 12 10
9 11 19
3 8 24
1 6 98
11 13 3
redmarch 87 2 1
0 1 10
voidreach 197 13 35
1 5 46
7 10 84
12 2 40
9 3 69
7 8 6
5 2 66
1 9 32
11 6 75
8 10 76
3 12 63
5 11 85
0 6 43
5 7 41
8 4 71
10 1 27
6 7 38
6 10 51
11 7 50
11 12 57
6 4 99
3 6 46
10 12 32
8 1 7
9 12 89
5 4 16
11 3 86
0 7 70
4 11 56
5 8 11
9 2 82
1 3 32
8 7 82
3 9 91
2 4 63
7 6 26
icevein 144 2 1
0 1 58
coldholm 192 8 39
6 2 12
1 4 79
1 0 42
7 0 59
3 4 10
5 1 43
5 6 73
3 5 5
1 3 41
4 0 64
3 6 12
4 1 100
7 6 10
1 5 97
5 4 72
1 6 39
2 4 60
6 1 49
6 3 70
7 3 61
6 0 74
0 3 57
0 7 52
0 4 31
2 3 27
2 6 70
0 6 6
5 2 80
5 7 97
7 1 19
5 3 11
4 5 65
3 1 77
4 2 23
7 2 72
6 7 67
7 4 89
6 5 32
2 5 98
vinekeep 44 12 17
2 7 26
10 6 83
8 4 75
5 9 79
3 4 10
4 7 90
7 11 9
6 11 60
0 8 87
3 8 65
11 10 93
9 5 35
1 11 35
9 11 19
10 11 97
0 4 10
8 9 4
nightholm 24 9 22
7 3 74
7 8 99
5 7 78
4 3 23
1 3 10
8 5 37
5 0 45
2 7 33
2 8 72
6 7 53
8 3 64
0 3 13
8 6 45
5 6 91
1 6 55
3 4 59
0 8 40
4 5 69
4 8 45
6 4 91
2 3 55
7 1 26
jarstone 33 7 28
6 3 90
0 1 62
3 6 18
3 4 69
0 6 66
1 0 12
5 3 23
1 2 32
1 3 38
4 5 52
4 3 41
3 5 89
3 1 62
3 2 20
4 0 47
2 3 47
5 1 4
6 1 26
0 5 50
4 1 43
5 2 89
2 5 21
0 3 32
2 4 25
5 6 6
0 4 69
2 0 54
6 4 55
yewfort 40 7 26
1 3 17
1 2 85
5 2 27
5 1 21
1 6 14
0 5 29
5 6 83
3 0 16
5 0 39
5 3 100
0 4 45
2 6 44
6 1 77
2 0 54
5 4 97
6 2 40
0 2 44
3 2 70
0 1 5
4 5 5
3 1 43
6 4 50
6 3 41
3 4 41
2 5 86
3 5 38
stormvale 83 15 30
6 7 98
5 2 72
8 9 6
3 8 12
5 4 80
6 5 31
14 5 15
11 1 33
7 11 63
1 10 20
4 8 23
9 10 41
3 4 24
2 9 79
9 13 1
11 5 61
10 13 14
10 12 33
14 1 100
13 14 45
5 12 85
12 14 2
4 5 29
11 6 85
4 2 83
0 8 58
1 11 68
3 14 62
11 14 2
0 11 5
highcrest 26 15 18
8 9 79
9 11 84
11 14 1
2 13 26
11 10 21
4 6 77
7 14 52
4 7 60
0 10 68
10 0 95
0 1 90
5 14 9
10 12 21
13 14 65
6 14 52
3 7 69
12 14 76
1 4 72
mosshaven 23 15 15
6 9 47
13 14 17
3 5 62
0 14 42
4 9 14
1 2 94
8 10 2
7 13 42
10 12 48
9 14 3
5 6 17
2 10 10
10 14 13
11 12 31
12 13 15
elderkeep 121 5 9
0 4 19
3 4 20
2 1 57
0 2 16
4 1 22
2 4 60
4 3 96
2 3 12
1 4 2
ravenpeak 35 15 36
9 7 22
12 2 41
2 4 51
8 0 28
11 9 25
3 10 34
2 8 34
6 12 24
13 14 28
13 12 17
7 11 48
2 9 80
5 3 29
9 11 47
12 13 14
11 2 66
9 14 45
11 12 75
4 12 80
2 5 36
2 3 90
8 9 66
8 13 26
4 7 75
3 7 94
0 9 99
3 2 90
10 14 63
8 7 21
3 4 56
4 13 27
10 2 2
0 6 15
5 10 48
7 12 54
1 2 60
grimhold 5 11 40
3 8 91
3 10 22
5 10 79
1 6 21
0 2 78
0 4 70
0 5 21
2 8 9
4 0 74
8 1 94
6 2 36
1 8 26
6 4 19
0 6 41
0 8 3
9 10 66
8 7 7
3 1 77
5 7 67
10 3 32
7 10 46
7 2 8
3 6 97
9 3 65
2 9 41
6 8 13
4 3 79
4 1 42
5 9 67
4 7 40
4 8 65
8 10 43
5 3 81
4 5 52
1 2 20
0 9 75
5 0 65
7 5 11
6 0 82
7 8 81
bleakrock 102 6 17
5 1 29
4 5 33
2 4 8
0 2 19
3 1 1
3 4 13
1 0 19
5 4 34
5 3 38
0 5 78
0 3 94
2 3 1
1 4 24
0 1 46
1 3 7
4 3 82
4 2 91
urnfield 94 9 18
7 8 100
0 2 47
2 8 33
1 3 47
3 6 27
5 2 9
5 0 18
7 5 20
5 7 83
7 3 95
4 3 64
8 2 85
6 8 81
4 6 46
2 5 73
5 6 35
1 8 66
6 4 31
ashfort 119 3 2
1 2 77
0 2 93
ashenmoor 151 8 14
0 4 86
3 6 81
3 5 21
5 6 82
1 7 45
7 0 37
0 1 58
2 3 88
4 6 56
6 7 12
2 1 27
5 3 28
6 4 4
1 6 27
underhill 133 14 34
8 9 93
4 6 46
12 13 34
10 7 54
9 4 32
6 4 2
10 1 49
3 1 45
2 3 98
10 11 1
0 10 100
0 8 72
2 6 81
1 6 54
6 9 45
13 6 71
11 13 89
8 2 37
7 5 60
1 7 39
3 7 87
10 4 62
7 10 57
0 2 94
9 3 90
5 8 70
1 5 6
13 5 26
9 13 30
3 10 45
1 11 87
2 13 89
5 13 24
9 1 31
tidebreak 189 6 21
2 1 78
1 4 48
3 4 48
2 5 23
1 5 55
3 0 5
2 3 90
0 5 32
0 2 17
2 0 18
5 3 89
0 3 97
4 1 37
0 1 71
4 2 64
5 1 18
4 5 19
5 4 8
4 3 90
3 5 92
5 2 80
knightfall 53 4 6
1 2 90
1 3 88
0 1 44
0 2 32
1 0 72
2 3 73
jadekeep 142 11 23
4 6 4
5 3 25
1 9 91
5 9 89
10 6 90
1 4 69
9 1 42
3 6 94
10 5 47
7 5 62
5 10 89
7 8 86
2 6 55
10 8 41
6 7 27
0 1 94
2 7 19
8 4 18
8 9 9
7 6 25
9 10 62
5 2 18
0 10 79
zenithkeep 101 14 27
3 1 32
1 8 99
6 13 5
12 13 59
11 8 94
11 1 47
13 6 56
0 9 73
10 4 86
4 11 10
0 12 87
10 11 66
2 12 17
13 10 46
8 10 34
11 12 43
12 10 15
2 5 93
10 6 31
8 5 96
5 13 30
7 2 26
7 13 55
9 13 75
5 12 4
8 11 97
3 12 77
ironpeak 99 15 40
13 9 72
3 14 3
3 12 3
6 5 86
6 9 32
8 0 68
2 14 65
2 5 100
7 5 43
9 13 51
8 3 76
12 4 71
13 3 37
1 8 37
5 8 20
10 13 39
11 4 95
14 10 45
13 14 10
11 14 56
0 4 14
4 9 17
0 5 26
1 12 9
7 0 40
14 2 90
7 9 3
11 13 25
1 11 41
6 7 78
8 10 91
1 7 15
12 13 58
1 13 99
8 4 41
13 10 41
7 12 96
6 14 31
3 9 9
3 6 6
darkwall 162 8 37
5 1 3
4 2 99
7 6 70
2 6 17
5 0 92
7 1 8
5 4 97
1 6 26
7 2 43
3 5 95
6 5 16
1 7 91
6 4 92
7 3 13
0 6 93
5 7 94
2 4 14
7 5 63
5 2 55
6 0 47
6 2 30
0 5 71
3 1 42
4 0 49
1 5 89
0 3 44
3 7 95
2 7 26
6 3 37
1 2 92
3 4 43
7 0 19
4 5 39
6 7 73
3 2 45
6 1 50
2 3 54
fellwatch 6 13 35
1 6 14
3 8 94
1 4 89
1 2 42
3 11 96
4 7 81
4 5 4
6 7 26
8 6 41
5 4 2
8 10 42
12 4 86
10 11 92
6 11 25
9 10 53
1 0 91
2 4 11
4 12 15
9 12 55
1 3 34
4 2 84
10 6 78
9 11 14
2 5 42
0 5 46
0 11 39
3 4 86
7 11 90
0 3 86
8 2 95
5 8 33
4 11 74
0 8 17
11 12 84
10 5 60
duskhollow 69 4 3
2 3 48
1 2 93
0 2 40
quartzburg 134 3 3
0 2 77
2 1 97
1 2 60
havenwall 155 2 2
1 0 21
0 1 31
northwatch 115 14 37
2 9 58
6 5 62
1 3 1
1 9 73
7 13 21
3 8 91
5 9 99
7 8 39
8 11 99
4 12 7
8 9 100
4 5 47
11 13 41
2 6 99
10 12 93
13 1 93
6 7 79
3 5 3
2 1 58
0 3 33
13 10 96
3 4 39
0 13 85
1 7 44
9 1 1
10 3 85
0 4 44
6 13 9
10 9 73
12 9 4
9 7 31
12 13 83
9 13 15
5 8 94
5 1 13
8 7 85
1 12 92
westmoor 24 4 10
0 3 63
1 2 1
1 0 43
3 0 93
0 1 92
2 1 55
0 2 16
1 3 11
2 3 31
3 1 100
mirestone 72 7 37
0 6 49
0 3 23
5 6 68
4 5 89
6 2 74
2 3 62
4 1 22
3 1 6
1 2 6
5 3 22
0 4 46
3 0 8
6 4 75
1 4 85
2 5 1
5 2 52
5 1 53
3 6 64
2 1 37
3 4 48
0 1 81
1 0 99
4 3 60
1 5 68
1 6 57
4 0 87
2 4 84
1 3 83
0 5 71
5 4 82
4 2 13
2 6 16
6 0 64
0 2 85
6 5 86
6 3 18
5 0 87
obsidian 9 15 17
0 12 16
10 13 8
12 13 87
5 13 82
13 14 2
8 9 50
2 4 34
9 11 47
6 8 76
1 4 46
4 13 80
11 13 53
9 14 92
6 7 37
4 6 32
7 12 9
3 10 42
frostgate 172 6 29
4 1 68
5 0 57
2 4 71
3 2 60
1 3 64
2 0 79
0 4 71
0 2 46
2 1 9
5 1 59
0 1 1
3 0 66
5 2 53
4 2 96
1 5 20
3 5 3
2 5 36
1 4 17
2 3 44
5 3 69
3 1 95
1 0 47
4 3 21
1 2 22
3 4 22
4 0 86
5 4 53
0 5 12
4 5 27
xanthkeep 169 7 31
2 3 83
1 6 27
0 4 29
5 6 25
2 1 10
3 4 89
0 6 86
0 3 98
6 1 94
3 2 54
4 6 19
6 4 51
6 5 84
6 2 2
5 3 19
1 4 42
4 5 2
5 4 14
3 1 86
2 0 1
0 1 85
1 3 33
3 5 66
2 6 59
6 0 41
6 3 15
2 4 38
3 0 86
2 5 18
1 0 9
4 3 85
palefort 112 2 1
0 1 31
gloomkeep 160 15 39
7 1 60
2 1 82
7 6 17
14 13 83
11 3 62
12 14 83
10 7 31
13 6 63
11 14 74
1 6 92
5 9 3
9 10 6
14 0 65
7 12 3
0 7 13
4 3 65
6 4 76
8 12 51
9 5 72
13 11 31
0 6 89
13 3 9
4 13 94
11 12 42
12 8 56
10 13 66
13 14 89
7 9 92
3 10 24
8 11 32
12 1 58
4 8 64
5 12 56
2 9 10
4 11 31
5 10 78
6 13 88
3 13 35
2 13 75
blackspire 150 11 15
8 10 22
6 7 44
0 8 76
7 8 38
5 6 82
0 4 53
3 4 51
1 3 83
3 10 76
10 9 28
9 10 95
3 8 36
4 0 46
2 5 58
4 8 21
shadowfen 102 4 4
3 2 42
1 3 76
0 1 92
2 3 84
thornwick 82 11 21
6 10 83
9 4 35
1 7 17
3 10 41
8 9 66
7 9 80
5 7 45
5 4 59
2 9 62
9 8 34
9 10 7
0 10 23
9 1 71
5 6 12
5 10 99
4 1 75
6 9 79
3 5 51
3 0 25
6 8 8
4 10 30
lichgate 183 9 16
6 3 5
5 7 74
6 8 25
5 3 45
2 3 94
4 5 42
5 8 15
4 3 38
1 2 8
6 2 52
7 3 80
4 6 49
0 8 70
7 8 91
3 6 3
1 5 89
embervault 15 4 5
2 3 60
1 0 11
1 2 15
3 2 42
0 1 75
pinewood 172 4 3
2 3 13
0 3 75
1 3 46
quietmere 188 10 26
5 2 69
5 9 33
9 0 47
3 9 16
7 8 20
2 0 68
2 9 44
4 9 7
5 3 10
5 8 48
6 9 81
9 5 23
4 3 32
8 1 65
2 4 30
0 6 12
8 9 6
0 5 21
2 6 48
3 0 3
7 0 37
0 3 74
1 2 81
1 4 87
0 4 93
8 7 83
longmere 15 15 28
7 9 94
4 3 67
1 10 34
7 0 41
13 6 80
7 10 23
2 3 53
3 14 84
4 9 5
14 7 1
5 13 24
6 2 26
6 3 7
11 9 100
1 2 4
8 7 27
9 13 27
12 13 92
0 5 74
8 6 52
11 14 24
10 9 58
3 12 3
13 14 13
12 7 56
10 14 66
6 7 76
8 14 47
